! Parameters for pairwise potential with 4th-order spline interpolation
! FCLDA/STO-3G fitted to PBE/6-31G*

****
H H
5 5
  1.300 -0.0323256815 0.0934846152  0.0149072063  -0.1642341001 0.0020415456
  1.400 -0.0229921778 0.0915471996  -0.0342405310 -0.1634174819 0.0403589439
  1.600 -0.0072951247 0.0595323756  -0.1226048736 -0.1311303267 0.5012961827
  1.800 -0.0005398132 0.0107962648  -0.0809719858 0.2699066194  -0.3373832742
  2.000 0.0000000000  0.0000000000  0.0000000000  0.0000000000  0.0000000000
****
H C
5 5
  1.800 -0.0608264280 0.1901003961  -0.0968610394 -0.0766628493 0.0018486526
  2.000 -0.0272911353 0.1422155953  -0.1424150724 -0.0751839272 0.1164567831
  2.500 0.0060934523  0.0016409691  -0.0805057886 0.1577296390  -0.0914619664
  3.000 0.0007873217  -0.0062985734 0.0188957203  -0.0251942938 0.0125971469
  3.500 0.0000000000  0.0000000000  0.0000000000  0.0000000000  0.0000000000
****
C C
9 5
  2.000 0.0063346724  0.0915735259  -0.2309418965 0.2467707311  -0.0406186175
  2.298 0.0193251343  0.0153751815  -0.0319714371 0.1983533390  -0.2473773450
  2.530 0.0229315594  0.0202127752  0.0261934575  -0.0312128371 -0.1486365314
  2.651 0.0256736466  0.0241273557  0.0018060729  -0.1031529183 -0.0310673829
  2.800 0.0289521820  0.0173841943  -0.0484416434 -0.1216690785 0.1402350039
  2.895 0.0300736009  0.0053670277  -0.0755236053 -0.0683797770 0.3585783617
  3.000 0.0297689183  -0.0110941934 -0.0733432764 0.0822231349  -0.0251846194
  4.000 0.0023699639  -0.0118498195 0.0222184115  -0.0185153429 0.0057860447
  4.800 0.0000000000  0.0000000000  0.0000000000  0.0000000000  0.0000000000
****
